# Fichier d'export QGIS de palette de couleur
INTERPOLATION:DISCRETE
0,255,0,255,0,FROUDE
0.20000000000000001,43,131,186,255,0.000000 - 0.200000
0.5,107,176,175,255,0.200000 - 0.500000
0.80000000000000004,171,221,164,255,0.500000 - 0.800000
0.94999999999999996,213,238,178,255,0.800000 - 0.950000
1.05000000000000004,21,24,30,255,0.950000 - 1.050000
1.19999999999999996,254,215,144,255,1.050000 - 1.200000
1.5,253,174,97,255,1.200000 - 1.500000
2,234,99,62,255,1.500000 - 2.000000
inf,215,25,28,255,> 2.000000
